Messenger 1368 23 5 2016
WhatsApp 1444 9 8 2012
Facebook 376 25 8 2012
Instagram 83 11 11 2014
Snapchat 2936 20 1 2016
Sarahah 1461 16 2 2015
ZEDGE 1201 18 10 2013
Clash 2727 9 1 2015
OLX 1985 12 1 2017
Puzzle 539 7 1 2012
Flashlight 694 20 5 2017
Pixel 1907 1 2 2012
Pou 2605 17 8 2012
Waze 1452 25 8 2016
Yahoo 1383 19 7 2015
eMAG 2347 28 4 2017
Sandbox 2452 12 12 2017
Bitmoji 2880 5 6 2013
Pinterest 583 23 11 2015
Shazam 937 5 1 2015
Netflix 2128 9 10 2014
Launcher 1865 15 5 2013
SCALE 2362 27 3 2016
FIFA 1701 23 6 2013
